1.690104103088378906e+01
5.036716938018798828e+00
5.219843611121177673e-02
8.546604961156845093e-02
8.909897804260253906e+00
5.171486854553222656e+00
1.420073795318603516e+01
5.857362270355224609e+00
2.949542999267578125e+00
-8.011950552463531494e-02
1.226517486572265625e+01
2.168148756027221680e+00
1.071036420762538910e-02
1.186052322387695312e+01
1.000614091753959656e-02
2.221684265136718750e+01
1.395961093902587891e+01
1.045846417546272278e-01
1.251573467254638672e+01
2.168200016021728516e+00
7.741243362426757812e+00
3.892802000045776367e-01
1.610447019338607788e-01
1.620497131347656250e+01
1.620611763000488281e+01
1.903438186645507812e+01
4.920164108276367188e+00
5.635107755661010742e-01
7.461091995239257812e+00
3.637056350708007812e+00
3.966128349304199219e+00
-4.277190566062927246e-02
8.005846977233886719e+00
-2.218528836965560913e-01
5.286667823791503906e+00
2.803615480661392212e-02
4.926050305366516113e-01
-9.854577481746673584e-02
1.466923713684082031e+01
5.542432665824890137e-01
-2.979096723720431328e-03
2.481959313154220581e-01
1.629273220896720886e-02
2.756476216018199921e-02
1.710635375976562500e+01
1.687609404325485229e-01
2.595895230770111084e-01
5.356200218200683594e+00
1.591887921094894409e-01
1.006665039062500000e+01
2.211491203308105469e+01
1.020741271972656250e+01
1.564479321241378784e-01
1.080160999298095703e+01
8.690595626831054688e-03
-4.849725868552923203e-03
-6.759948283433914185e-02
-2.653605118393898010e-02
1.477325725555419922e+01
7.095702171325683594e+00
-1.884455233812332153e-02
-8.651186525821685791e-02
2.625074863433837891e+00
9.737802505493164062e+00
1.774709510803222656e+01
-1.503474917262792587e-02
1.619051933288574219e+01
1.275694370269775391e+01
-7.093809545040130615e-02
7.840192317962646484e+00
6.463471055030822754e-02
9.939153671264648438e+00
-1.709522306919097900e-02
2.123175239562988281e+01
1.125762462615966797e+00
1.221427726745605469e+01
1.369587135314941406e+01
-3.941397368907928467e-02
4.730504512786865234e+00
4.371554553508758545e-01
1.205529403686523438e+01
1.062520599365234375e+01
8.364117622375488281e+00
3.225146532058715820e-01
5.049255847930908203e+00
6.590744495391845703e+00
1.114876791834831238e-01
1.064626979827880859e+01
1.718492507934570312e+01
4.055958271026611328e+00
-8.915574103593826294e-02
6.252687454223632812e+00
-2.636288702487945557e-01
-1.031437590718269348e-01
3.919567823410034180e+00
1.184256076812744141e+01
4.375908374786376953e+00
-9.427096694707870483e-02
9.991991996765136719e+00
3.999942541122436523e-01
8.778712272644042969e+00
-2.647275850176811218e-02
1.876450729370117188e+01
1.402205228805541992e-01
5.759276866912841797e+00
1.153618004173040390e-02
1.735803604125976562e+01
7.530388981103897095e-02
4.777770489454269409e-02
5.092645645141601562e+00
1.086381340026855469e+01
1.373273468017578125e+01
2.085756874084472656e+01
5.165920257568359375e+00
5.730822682380676270e-02
2.040124320983886719e+01
9.199715614318847656e+00
6.819589436054229736e-02
1.014383360743522644e-01
6.281146526336669922e+00
-9.952164441347122192e-02
1.315667480230331421e-01
5.290631204843521118e-02
-1.219787225127220154e-01
9.686920791864395142e-02
1.370182895660400391e+01
4.293859958648681641e+00
1.833270639181137085e-01
1.092428302764892578e+01
1.187590137124061584e-01
1.790335464477539062e+01
6.456904411315917969e+00
1.126740169525146484e+01
7.868811607360839844e+00
7.047399282455444336e-01
9.755044937133789062e+00
8.037627674639225006e-03
6.358939409255981445e-02
3.915371656417846680e+00
1.839338690042495728e-01
-8.912158757448196411e-02
3.097289323806762695e+00
1.894558334350585938e+01
8.800407409667968750e+00
7.160920143127441406e+00
1.923389285802841187e-01
5.133403301239013672e+00
-2.222427129745483398e-01
1.008939647674560547e+01
1.706012189388275146e-01
1.372096347808837891e+01
-4.642522707581520081e-02
4.260645247995853424e-03
8.803997039794921875e+00
2.527919784188270569e-02
-2.460226975381374359e-02
5.207762122154235840e-02
1.682304763793945312e+01
3.310790285468101501e-02
6.112597465515136719e+00
3.918060958385467529e-01
2.105829954147338867e+00
1.869221776723861694e-01
1.409575271606445312e+01
1.181017589569091797e+01
2.095511674880981445e+00
1.386694526672363281e+01
1.033843040466308594e+01
1.166567611694335938e+01
8.811430931091308594e+00
9.874250411987304688e+00
9.987259864807128906e+00
2.447486296296119690e-02
4.980242729187011719e+00
1.143613755702972412e-01
6.940834999084472656e+00
2.640045285224914551e-01
7.169555664062500000e+00
5.252945899963378906e+00
9.427942276000976562e+00
7.163198947906494141e+00
1.446411228179931641e+01
1.542687565088272095e-01
1.219243335723876953e+01
1.165176928043365479e-02
3.987370431423187256e-02
5.072623252868652344e+00
7.095791339874267578e+00
2.255851924419403076e-01
1.181543922424316406e+01
-3.220838308334350586e-02
7.850290834903717041e-02
2.050834894180297852e+00
2.178148180246353149e-01
6.083041667938232422e+00
