5.047005176544189453e+00
1.560676544904708862e-01
3.525581121444702148e+00
1.357864704914391041e-03
2.178780138492584229e-01
2.959736436605453491e-02
1.113589382171630859e+01
1.074200916290283203e+01
1.012840747833251953e+00
3.598176240921020508e+00
-7.989708334207534790e-02
8.900389671325683594e+00
1.246952533721923828e+01
1.074085903167724609e+01
8.841699600219726562e+00
2.743563175201416016e+00
1.554536223411560059e-01
4.178262501955032349e-02
1.446862125396728516e+01
5.562317371368408203e-02
1.170302772521972656e+01
1.585498154163360596e-01
2.344802856445312500e+00
5.402062416076660156e+00
4.507290363311767578e+00
2.859982490539550781e+00
4.129554271697998047e+00
5.243423208594322205e-02
9.077907562255859375e+00
5.995553970336914062e+00
5.978489875793457031e+00
1.080654144287109375e+00
1.223438835144042969e+01
6.874378681182861328e+00
8.646776199340820312e+00
1.843334770202636719e+01
3.008878469467163086e+00
5.193397521972656250e+00
2.936305284500122070e+00
-8.514943532645702362e-03
2.997451782226562500e+00
1.012928962707519531e+00
3.965014934539794922e+00
3.104218721389770508e+00
1.972722411155700684e-01
-1.062282919883728027e-01
1.831047439575195312e+01
2.590954780578613281e+00
-6.075245514512062073e-02
2.086529880762100220e-02
1.083457183837890625e+01
5.589022159576416016e+00
4.896051436662673950e-02
4.077669620513916016e+00
6.129625797271728516e+00
1.177704143524169922e+01
1.081943735480308533e-01
1.963417232036590576e-01
4.497252941131591797e+00
7.075344085693359375e+00
4.629795849323272705e-01
1.557746380567550659e-01
1.713276058435440063e-01
2.062780708074569702e-01
4.840764999389648438e+00
3.797556832432746887e-02
4.607498347759246826e-01
1.089905452728271484e+01
-3.082712739706039429e-02
1.569097423553466797e+01
6.873657703399658203e+00
1.044782161712646484e+00
7.816013336181640625e+00
4.929955005645751953e+00
-8.051875978708267212e-02
-3.933080285787582397e-02
-6.852709501981735229e-02
-5.441239103674888611e-02
3.821379423141479492e+00
-4.297925904393196106e-02
5.877083301544189453e+00
5.176510334014892578e+00
1.476294100284576416e-01
6.255201339721679688e+00
1.296962261199951172e+01
2.515357136726379395e-01
7.468335330486297607e-02
-3.788586705923080444e-02
1.588898450136184692e-01
1.951368600130081177e-01
4.002361744642257690e-02
8.521246910095214844e+00
9.082371711730957031e+00
1.110283374786376953e+01
1.178034877777099609e+01
-1.243040803819894791e-02
5.693207308650016785e-02
-4.315084964036941528e-02
-4.426682740449905396e-02
2.662919647991657257e-02
4.206919670104980469e-02
8.845803260803222656e+00
1.811760330200195312e+01
5.745546817779541016e+00
1.718911826610565186e-01
1.606673151254653931e-01
-6.656987965106964111e-02
6.995536804199218750e+00
-8.456284552812576294e-02
4.503963887691497803e-01
-4.219360277056694031e-02
2.807013988494873047e-01
7.009343624114990234e+00
4.080602645874023438e+00
5.833903327584266663e-02
2.482885718345642090e-01
7.552977651357650757e-02
7.127604633569717407e-02
-5.725081544369459152e-03
1.121117025613784790e-01
1.589348316192626953e+01
1.293877506256103516e+01
1.058552339673042297e-01
-2.808492444455623627e-02
2.732122503221035004e-02
3.317575901746749878e-02
-8.100410550832748413e-02
1.263800430297851562e+01
-3.152907127514481544e-03
1.873878288269042969e+01
7.735519409179687500e+00
1.487140941619873047e+01
5.183862686157226562e+00
8.322408676147460938e+00
9.216677397489547729e-02
2.056548357009887695e+00
-1.183593366295099258e-02
1.179644489288330078e+01
4.019800126552581787e-01
5.785066127777099609e+00
1.829105615615844727e-01
7.272223383188247681e-02
-1.360456496477127075e-01
7.715471833944320679e-02
2.376020193099975586e+00
-4.711680114269256592e-03
4.849483013153076172e+00
1.200274944305419922e+00
1.590510654449462891e+01
5.719632625579833984e+00
5.032743930816650391e+00
5.027412623167037964e-02
5.014564514160156250e+00
5.867658138275146484e+00
1.480730915069580078e+01
8.912386894226074219e+00
1.101082324981689453e+01
3.345510959625244141e+00
1.183925047516822815e-01
2.666783034801483154e-01
1.593891525268554688e+01
1.014952540397644043e+00
8.948606491088867188e+00
5.429226160049438477e-01
2.159000396728515625e+00
2.964776515960693359e+00
-5.598782375454902649e-02
2.976032257080078125e+00
1.581712913513183594e+01
-3.075325628742575645e-03
1.065206241607666016e+01
3.055386781692504883e+00
7.809297740459442139e-02
-3.183659538626670837e-02
-1.051609367132186890e-01
2.087925076484680176e-01
2.454293332993984222e-02
1.006125092506408691e+00
4.167232513427734375e+00
6.069468498229980469e+00
-1.089037656784057617e-01
1.132030561566352844e-01
-6.545908749103546143e-02
8.719664573669433594e+00
-1.143625099211931229e-02
8.965208053588867188e+00
9.036689758300781250e+00
-6.268455088138580322e-02
3.543589591979980469e+00
8.963774681091308594e+00
1.918584108352661133e-01
3.621276021003723145e-01
2.543366551399230957e-01
5.382485985755920410e-01
9.536909103393554688e+00
