2.873355484008789062e+01
-5.648837983608245850e-02
-2.309518456459045410e-01
2.040500450134277344e+01
9.194410443305969238e-01
4.526412200927734375e+01
6.063213348388671875e+01
2.311931228637695312e+01
-2.221744060516357422e-01
5.609611511230468750e+01
6.193314361572265625e+01
8.855614471435546875e+01
2.667173767089843750e+01
5.967842864990234375e+01
-3.984088003635406494e-01
5.344270324707031250e+01
6.192244720458984375e+01
-1.296431422233581543e-01
4.811373901367187500e+01
-4.949860870838165283e-01
8.326708674430847168e-01
2.397885173559188843e-01
2.893742752075195312e+01
1.576532363891601562e+00
4.392518234252929688e+01
3.722624969482421875e+01
3.765401244163513184e-02
3.599207401275634766e-01
-3.146448433399200439e-01
2.748000526428222656e+01
1.509471386671066284e-01
4.414709091186523438e+01
5.757900476455688477e-01
8.583314418792724609e-01
2.015603780746459961e-01
2.070297431945800781e+01
3.358841705322265625e+01
8.111440277099609375e+01
2.418942928314208984e+00
-2.279039770364761353e-01
9.111875891685485840e-01
2.076641273498535156e+01
-1.976576000452041626e-01
-5.766700208187103271e-02
3.499917387962341309e-01
3.455382883548736572e-01
3.317358791828155518e-01
-9.346904605627059937e-02
5.236272811889648438e+01
2.713597106933593750e+01
5.607979583740234375e+01
8.285390472412109375e+01
4.908324182033538818e-01
-1.101230978965759277e-01
-6.738861203193664551e-01
5.419908523559570312e+01
5.938412857055664062e+01
2.469029045104980469e+01
4.713689422607421875e+01
4.097395390272140503e-02
2.415383720397949219e+01
1.054266095161437988e+00
2.299656105041503906e+01
-6.992070674896240234e-01
5.856459426879882812e+01
9.004643249511718750e+01
1.492763012647628784e-01
2.302575492858886719e+01
2.936545753479003906e+01
6.179245758056640625e+01
1.776926778256893158e-02
5.748722076416015625e+01
2.513448333740234375e+01
-4.754447340965270996e-01
5.937236785888671875e+01
5.775032806396484375e+01
2.690936088562011719e+01
-1.856237351894378662e-01
6.525766754150390625e+01
2.052310943603515625e+01
2.109118843078613281e+01
-1.755132228136062622e-01
-4.814408123493194580e-01
5.070021438598632812e+01
-9.935125708580017090e-02
2.462078285217285156e+01
3.831697463989257812e+01
2.153046989440917969e+01
1.136986494064331055e+00
2.403970718383789062e+01
1.532853722572326660e+00
1.510867476463317871e-01
1.067188024520874023e+00
2.814875915646553040e-02
4.707441329956054688e+01
6.540663146972656250e+01
6.635633087158203125e+01
5.894733592867851257e-02
2.121280860900878906e+01
1.283833503723144531e+00
3.026161956787109375e+01
4.250462055206298828e-01
9.332607984542846680e-01
-3.418020904064178467e-01
4.639936447143554688e+01
9.071815490722656250e+01
6.628316497802734375e+01
2.375295066833496094e+01
7.607981109619140625e+01
6.007941055297851562e+01
1.385390758514404297e-02
5.887852859497070312e+01
5.366392517089843750e+01
9.728049039840698242e-01
7.960401773452758789e-01
2.407356071472167969e+01
3.585205459594726562e+01
8.643521118164062500e+01
-2.717783153057098389e-01
5.548318028450012207e-01
1.901377141475677490e-01
4.155279159545898438e+01
5.248742675781250000e+01
2.240655326843261719e+01
3.869794082641601562e+01
4.784364700317382812e+01
-3.640711903572082520e-01
5.202387619018554688e+01
-6.073793768882751465e-01
4.099233627319335938e+01
2.674522972106933594e+01
-2.809555232524871826e-01
3.085105514526367188e+01
4.241985702514648438e+01
6.432542419433593750e+01
2.242412805557250977e+00
5.271329283714294434e-01
6.554235076904296875e+01
-2.611237466335296631e-01
1.127554059028625488e+00
5.266942214965820312e+01
3.152232170104980469e-01
2.761845779418945312e+01
2.394686698913574219e+01
1.649644374847412109e+00
1.231278228759765625e+01
4.055899679660797119e-01
1.735642701387405396e-01
5.012865829467773438e+01
3.656671524047851562e+01
4.000873184204101562e+01
4.245391464233398438e+01
5.556818771362304688e+01
2.528108060359954834e-01
1.255504727363586426e+00
2.769120407104492188e+01
6.025088500976562500e+01
-1.259479373693466187e-01
1.368349432945251465e+00
5.347543716430664062e+01
2.102232360839843750e+01
4.162885665893554688e+01
5.578951263427734375e+01
4.703087210655212402e-01
4.026289582252502441e-01
4.452966690063476562e+01
-6.702304631471633911e-02
3.538781738281250000e+01
2.510835456848144531e+01
-3.825615942478179932e-01
2.406957435607910156e+01
4.237125778198242188e+01
3.174537849426269531e+01
5.458419418334960938e+01
5.417058563232421875e+01
2.135875821113586426e-01
2.263384610414505005e-01
8.860141754150390625e+01
5.632341504096984863e-01
3.052656745910644531e+01
-2.501399815082550049e-01
8.642856478691101074e-01
3.830383682250976562e+01
1.286471652984619141e+01
6.654896736145019531e-01
1.313889324665069580e-01
-2.284861952066421509e-01
8.267728424072265625e+01
5.776385664939880371e-01
-2.731363475322723389e-01
-2.157307565212249756e-01
1.103437328338623047e+01
5.357668685913085938e+01
1.501421332359313965e+00
2.457803916931152344e+01
