1.588706588745117188e+01
3.047557830810546875e+01
2.489625513553619385e-01
2.123621177673339844e+01
2.363131493330001831e-01
4.062190246582031250e+01
2.405358314514160156e+01
6.126569584012031555e-02
3.128875923156738281e+01
6.492523193359375000e+00
6.911603808403015137e-01
3.547461318969726562e+01
-6.619061827659606934e-01
1.040544986724853516e+01
3.425476837158203125e+01
4.108797907829284668e-01
5.246602630615234375e+01
4.132458496093750000e+01
3.022235679626464844e+01
2.050017547607421875e+01
5.840918421745300293e-01
3.573957443237304688e+01
1.727613258361816406e+01
-1.870576739311218262e-01
-2.448924072086811066e-02
2.326334863901138306e-01
1.920635414123535156e+01
2.346399879455566406e+01
9.606066942214965820e-01
1.412596416473388672e+01
3.977916717529296875e+01
2.541234791278839111e-01
1.749428510665893555e-01
2.433768510818481445e-01
4.894226455688476562e+01
1.419945955276489258e+00
2.811208152770996094e+01
5.513345003128051758e-01
1.784986686706542969e+01
3.804788970947265625e+01
3.818655776977539062e+01
2.382568168640136719e+01
1.975633049011230469e+01
4.099381256103515625e+01
-7.098976522684097290e-02
-2.803100943565368652e-01
4.440706634521484375e+01
2.207472324371337891e+00
3.398176956176757812e+01
7.425795078277587891e+00
1.100591945648193359e+01
7.387792319059371948e-02
3.254173278808593750e+01
1.089505863189697266e+01
1.028042507171630859e+01
4.766476440429687500e+01
2.414852905273437500e+01
-2.462450861930847168e-01
2.771660423278808594e+01
6.237034988403320312e+01
1.363821601867675781e+01
1.990132904052734375e+01
1.522190856933593750e+01
3.164009475708007812e+01
1.065342664718627930e+00
6.487990729510784149e-03
2.729672622680664062e+01
6.296863174438476562e+01
1.897828280925750732e-01
-3.382934629917144775e-02
-2.364923804998397827e-02
1.006390285491943359e+01
8.413735628128051758e-01
3.961605072021484375e+01
-1.490472257137298584e-01
9.759947776794433594e+00
1.667937487363815308e-01
2.844111025333404541e-01
1.511044597625732422e+01
3.916506958007812500e+01
3.389686965942382812e+01
4.123292565345764160e-01
3.738442230224609375e+01
1.204979991912841797e+01
7.123843193054199219e+00
5.685685729980468750e+01
4.409352493286132812e+01
3.019083404541015625e+01
3.477464616298675537e-01
3.368558883666992188e+01
2.976058959960937500e+01
8.185243606567382812e-01
1.666488456726074219e+01
1.805647164583206177e-01
8.740388602018356323e-02
2.019125556945800781e+01
4.626155853271484375e+01
2.266165763139724731e-01
-7.944177836179733276e-02
-7.802343368530273438e-02
6.603884696960449219e-01
-3.090913891792297363e-01
1.713364791870117188e+01
4.113858413696289062e+01
-3.371023237705230713e-01
-5.943552032113075256e-02
3.721980285644531250e+01
-2.491317540407180786e-01
2.194613265991210938e+01
1.385782623291015625e+01
1.470836810767650604e-02
3.266318893432617188e+01
1.862644958496093750e+01
2.522214651107788086e-01
2.879591560363769531e+01
-2.514805197715759277e-01
2.725606346130371094e+01
5.611021518707275391e-01
3.797542452812194824e-01
5.326067352294921875e+01
3.785798645019531250e+01
-4.076018631458282471e-01
9.220480918884277344e+00
-3.841816782951354980e-01
4.436289215087890625e+01
-2.133614122867584229e-01
1.158492565155029297e+01
1.267565846443176270e+00
1.466168117523193359e+01
1.530999469757080078e+01
1.899722862243652344e+01
6.180199050903320312e+01
6.015445709228515625e+00
3.528570175170898438e+01
1.459154510498046875e+01
4.192318344116210938e+01
3.260340881347656250e+01
-1.535522639751434326e-01
2.672966003417968750e+01
9.865164756774902344e+00
1.814856380224227905e-01
2.258144569396972656e+01
2.095985221862792969e+01
4.243557739257812500e+01
3.588736724853515625e+01
1.149774074554443359e+00
1.306602358818054199e-01
2.173942756652832031e+01
1.085239982604980469e+01
-3.474706783890724182e-02
5.422896385192871094e+00
1.165440845489501953e+01
1.443381881713867188e+01
-1.757449060678482056e-01
-3.703353106975555420e-01
3.184794807434082031e+01
3.284466171264648438e+01
2.926988410949707031e+01
-1.689570248126983643e-01
5.199939012527465820e-01
4.318808019161224365e-01
1.378221958875656128e-01
-5.560091882944107056e-02
3.673389554023742676e-01
5.786592140793800354e-02
5.184276029467582703e-02
3.008199119567871094e+01
-1.798910647630691528e-01
-6.333202123641967773e-02
1.015571057796478271e-01
2.805968666076660156e+01
5.294265151023864746e-01
7.085675001144409180e-01
5.582801055908203125e+01
1.500264072418212891e+01
-2.469735145568847656e-01
4.343028664588928223e-01
4.212898635864257812e+01
2.793546485900878906e+01
2.428105163574218750e+01
2.807536721229553223e-02
4.719224929809570312e+01
2.044664621353149414e+00
4.534804153442382812e+01
3.149744224548339844e+01
1.405882090330123901e-01
2.102116584777832031e+01
1.179853916168212891e+01
2.356630897521972656e+01
3.694292902946472168e-02
3.266907119750976562e+01
1.108847618103027344e+00
1.767971038818359375e+01
2.980083227157592773e-01
2.319331467151641846e-01
